300 381 133 235
293 314 131 172
560 574 235 248
238 260 160 212
303 320 168 198
236 247 292 321
173 217 34 161
260 304 85 197
208 246 94 195
305 323 284 310
319 345 153 230
322 340 149 169
316 338 156 176
328 357 152 219
210 273 95 289
435 479 193 232
297 385 200 277
209 259 124 157
299 321 155 207
554 587 331 350
302 414 166 271
340 354 181 205
206 246 179 306
315 334 185 233
222 260 113 140
256 277 154 207
266 280 215 249
315 332 150 177
232 270 120 204
291 338 156 207
305 342 146 238
303 342 138 246
239 277 161 195
292 324 152 217
292 302 99 133
361 389 106 175
554 586 331 350
378 423 321 358
264 278 173 212
203 242 96 198
323 347 167 212
352 383 146 202
299 319 147 200
89 125 200 262
265 320 146 241
237 286 88 135
274 318 142 228
255 276 217 256
306 325 161 203
275 314 127 211
308 336 170 215
303 315 100 136
355 374 92 145
142 196 165 305
272 297 151 199
338 363 116 177
240 261 163 212
267 294 140 208
409 439 12 86
525 569 167 279
308 329 165 200
286 319 152 238
285 318 156 237
25 34 79 91
345 370 164 214
278 319 142 229
224 312 150 200
323 345 79 139
326 342 173 196
194 265 258 353
309 325 98 141
270 303 135 231
335 356 162 230
300 321 164 200
246 268 159 213
285 309 154 209
330 353 243 255
556 565 168 182
288 401 164 281
184 247 210 357
557 567 194 208
607 640 167 285
284 304 188 229
223 322 147 203
228 287 162 246
319 376 99 227
307 364 135 199
257 306 235 296
319 331 115 155
296 335 161 206
316 347 124 180
308 334 145 204
235 253 300 342
323 342 236 248
216 256 132 223
254 281 162 232
308 419 175 277
420 488 207 357
274 304 146 193
38 48 81 95
323 351 78 139
301 323 171 197
308 404 45 150
271 387 167 281
320 345 150 228
233 290 149 216
559 571 219 234
278 315 164 287
311 331 150 205
322 338 58 103
262 338 132 231
267 331 113 267
307 329 138 195
293 312 128 171
205 278 147 191
297 318 150 201
77 109 172 228
429 460 296 314
289 319 122 154
302 319 170 200
285 350 125 280
325 336 197 207
310 339 167 215
349 375 142 196
396 425 267 331
237 248 292 322
343 373 172 194
312 347 139 200
218 240 345 359
295 310 167 206
358 364 167 181
320 347 217 282
199 269 151 230
293 335 157 205
335 363 155 212
257 335 129 224
312 352 138 204
415 436 116 169
313 332 151 176
59 96 188 248
318 344 179 233
296 324 151 221
242 263 163 212
370 393 267 280
303 326 136 176
283 307 149 202
305 316 123 157
218 244 140 202
406 429 211 236
233 281 96 216
452 498 28 52
302 323 150 199
329 382 103 226
382 405 234 259
307 340 165 213
352 402 114 264
334 360 184 213
283 305 149 201
293 326 140 214
369 390 67 124
297 325 145 218
312 337 160 181
301 324 144 203
203 290 144 261
352 378 102 159
290 313 113 178
303 326 158 204
290 317 113 178
307 337 158 226
299 321 182 211
312 349 211 301
77 137 151 190
178 235 153 199
280 327 140 233
306 323 170 199
281 335 152 205
229 266 119 222
559 572 224 237
351 376 0 23
250 275 152 197
324 340 175 191
200 236 171 203
202 243 24 148
312 342 175 222
304 330 139 203
237 308 305 359
306 329 140 198
312 335 163 209
288 338 151 298
325 358 171 257
560 568 165 178
225 239 319 348
304 333 159 234
317 333 148 170
303 327 240 280
271 297 152 201
308 341 147 229
444 493 184 220
151 215 228 302
205 238 200 268
279 290 99 133
319 373 164 274
228 326 145 205
316 358 136 204
293 311 217 227
280 307 150 182
212 248 156 220
318 343 159 233
335 365 181 213
428 461 297 316
218 262 137 173
403 421 108 145
285 321 161 278
309 334 154 210
291 343 150 301
291 335 129 235
306 335 145 208
298 321 145 206
281 296 155 178
395 414 135 186
71 81 82 96
325 349 115 178
165 259 152 250
298 332 159 203
289 328 67 168
303 331 161 211
278 307 143 195
365 391 0 22
238 259 162 211
291 313 161 201
285 305 158 204
242 255 134 175
555 564 171 183
188 210 188 212
378 394 102 135
317 333 112 160
238 281 77 199
276 296 103 156
258 324 288 355
384 406 196 229
438 484 197 244
317 342 183 234
371 391 99 151
196 278 176 263
224 323 62 168
275 285 103 137
408 456 17 41
368 427 309 360
305 328 150 200
301 319 175 203
295 396 163 255
275 352 118 215
370 389 53 110
290 340 155 210
313 336 165 213
290 314 170 197
322 343 79 139
308 332 177 204
430 456 165 240
305 336 170 217
314 333 151 176
284 301 153 177
373 398 94 154
193 236 162 251
434 470 214 240
237 279 66 180
302 334 145 211
323 341 234 245
267 279 233 264
320 341 166 210
308 339 160 258
301 319 170 201
205 301 62 173
220 311 147 200
220 255 117 214
212 310 58 173
279 298 194 233
337 401 123 281
503 509 168 178
324 372 9 31
348 374 72 131
231 267 132 206
389 409 115 176
441 484 198 250
278 289 99 135
359 394 110 180
263 340 131 237
374 443 191 289
313 345 160 223
435 481 193 243
287 299 172 182
371 416 108 243
294 324 148 222
307 327 162 215
336 353 165 211
339 352 182 209
306 326 149 172
420 441 116 164
562 578 247 266
322 367 8 28
318 334 148 170
268 291 152 198
225 239 319 348
320 344 5 63
258 351 151 204
294 339 165 214
263 271 197 205
311 336 161 186
276 310 163 264
306 343 155 231
278 306 133 200
350 368 88 139
303 346 89 220
330 350 148 181
336 362 157 209
296 370 58 245
249 281 105 164
195 275 174 267
340 370 82 114
292 336 129 204
295 306 98 132
370 426 311 360
290 317 156 209
206 236 141 215
275 286 101 134
163 198 129 226
306 324 165 196
306 327 164 205
266 290 149 200
336 359 150 191
382 438 252 361
283 308 136 203
309 341 175 217
261 306 120 209
342 367 105 159
300 324 177 206
485 504 181 218
416 422 160 171
289 332 165 222
242 253 255 285
214 244 146 220
345 364 184 238
108 169 91 208
304 326 151 205
319 340 145 195
282 302 151 184
319 340 169 228
237 316 213 305
255 301 59 170
309 329 166 203
479 512 314 331
301 412 173 275
307 324 126 165
297 318 163 209
302 319 167 199
434 477 181 219
298 331 151 203
354 366 126 165
383 403 5 37
278 344 122 280
277 301 86 152
440 458 244 271
320 339 230 242
307 336 161 238
350 375 72 131
286 296 98 132
285 304 157 199
282 301 164 184
227 266 47 163
278 305 121 192
296 380 133 239
349 356 140 154
328 352 169 202
301 318 168 197
303 325 173 197
320 349 152 218
237 280 68 187
307 342 150 229
304 340 172 230
290 327 146 216
292 310 128 181
315 340 5 63
245 269 156 205
321 414 29 140
302 367 118 271
306 337 172 213
315 342 153 222
183 246 211 356
327 348 171 201
304 324 167 200
191 228 183 274
363 438 22 137
329 336 130 144
291 311 12 65
371 393 125 178
313 334 146 167
301 319 167 197
450 503 219 276
267 281 219 243
293 332 179 266
310 337 165 214
232 324 106 216
342 379 214 301
279 294 154 178
257 303 149 250
252 297 95 214
379 392 66 108
17 28 78 91
168 285 44 175
320 341 161 227
392 416 193 225
260 288 112 128
426 490 36 126
468 518 211 271
282 318 48 152
431 482 24 49
294 319 113 176
341 365 182 203
370 416 102 236
303 318 132 174
310 342 154 226
275 311 43 151
119 173 167 327
294 329 147 234
0 147 67 129
380 405 272 287
247 266 191 235
302 333 150 213
282 346 125 272
293 325 167 241
282 305 149 198
264 302 75 174
416 444 173 239
318 337 160 203
313 334 164 202
286 306 27 78
198 234 137 217
28 38 78 92
298 344 141 231
243 257 134 175
290 337 134 257
303 323 160 180
454 460 165 175
300 324 151 210
300 323 164 199
222 248 210 274
334 355 148 186
279 330 136 252
382 422 225 309
301 321 152 202
302 318 166 200
433 483 185 223
212 285 159 226
260 337 172 271
380 422 324 361
283 307 172 197
374 383 199 206
310 341 140 201
428 441 159 183
298 321 151 210
560 584 127 176
348 361 122 158
237 324 166 250
298 334 156 206
284 318 179 217
355 385 154 216
303 323 141 198
353 462 160 284
308 335 147 205
308 353 151 212
313 332 162 190
243 254 250 281
297 319 223 260
252 281 151 219
307 340 143 208
461 505 187 227
310 337 164 213
309 342 170 214
74 106 174 229
33 43 81 94
315 339 154 201
347 394 11 34
300 315 138 177
153 171 141 162
243 265 159 210
434 464 18 88
278 295 141 190
296 324 127 156
247 290 155 190
217 228 302 335
297 318 147 204
326 371 121 245
303 320 170 200
308 375 300 360
30 39 78 92
328 346 240 251
241 259 287 329
278 369 57 164
462 541 229 326
168 207 139 184
208 262 125 160
335 343 138 152
159 193 68 158
301 322 150 203
279 373 50 160
300 334 158 205
493 525 319 336
393 415 65 124
309 334 152 203
295 328 149 222
296 336 157 205
383 412 12 79
278 374 196 278
307 327 162 200
310 331 183 211
245 265 220 260
396 423 284 298
304 328 173 204
291 298 198 208
309 332 152 204
249 273 151 198
458 480 239 267
29 39 78 92
329 341 107 145
345 370 163 213
301 320 172 202
555 567 200 214
295 338 159 203
300 332 150 213
443 499 227 291
271 313 143 224
141 265 53 191
438 482 183 219
307 348 135 228
249 338 142 201
305 424 170 288
534 566 328 346
406 427 206 232
290 342 131 200
213 317 137 257
203 220 223 252
305 328 133 159
255 277 155 208
305 315 105 140
305 341 140 241
330 352 148 185
220 313 151 200
425 431 161 172
245 268 158 212
25 34 79 93
296 325 163 192
314 333 154 202
305 319 197 226
308 358 121 252
314 329 79 125
282 321 164 209
175 217 77 171
285 315 147 225
361 385 136 183
325 342 184 228
229 276 68 184
330 360 202 281
164 184 180 205
221 232 318 348
319 343 169 231
332 348 33 81
450 492 186 223
267 292 149 217
425 439 150 176
272 296 173 232
359 365 167 182
321 365 149 239
319 341 163 189
295 319 171 207
311 331 173 197
301 332 148 222
264 352 149 205
221 270 106 226
417 455 217 246
243 305 126 279
301 347 144 242
168 289 63 174
298 319 119 162
293 336 149 204
294 339 6 25
324 344 148 172
286 305 158 197
326 347 130 182
299 332 149 214
372 394 125 178
306 359 142 271
369 392 189 246
377 403 96 156
326 351 171 234
439 462 238 262
322 345 168 213
210 296 128 183
244 307 126 280
338 364 109 152
489 524 318 335
304 322 170 199
307 371 303 360
306 324 174 202
328 353 162 214
96 203 175 236
371 380 200 208
248 262 136 176
303 326 141 192
307 328 152 202
292 308 167 206
242 255 256 287
543 558 266 283
323 336 131 168
305 339 158 210
292 309 159 196
283 306 150 204
300 348 120 234
284 312 164 193
207 219 319 347
437 468 213 237
291 324 183 270
389 433 48 81
341 372 153 214
295 319 174 212
563 626 0 90
316 334 161 201
440 488 203 249
309 344 154 189
309 344 156 193
267 280 216 246
276 310 163 264
239 328 132 243
348 394 12 33
307 328 152 203
290 315 154 208
303 326 141 203
302 322 147 199
288 306 170 209
344 381 144 207
276 375 134 268
233 244 294 324
384 404 135 189
301 322 149 205
297 320 188 213
327 353 219 290
202 286 213 306
278 288 105 139
297 314 152 193
302 314 127 163
273 349 136 267
304 319 284 304
351 377 112 172
264 330 142 239
88 118 132 203
554 563 176 191
263 336 131 233
375 384 195 202
324 383 165 281
311 325 259 283
319 342 154 226
298 381 127 228
273 320 78 233
354 372 169 229
259 341 150 201
82 118 197 261
307 329 182 208
302 329 132 182
367 393 266 280
289 308 163 204
239 280 81 192
456 478 191 220
312 349 140 203
297 345 127 250
277 294 167 210
301 334 158 197
266 291 136 203
309 332 157 207
321 367 9 29
437 542 114 259
201 270 139 342
226 260 111 136
299 321 173 204
349 455 254 360
301 313 129 166
386 400 171 194
296 334 179 267
301 321 166 200
314 336 176 199
308 347 164 235
231 266 121 219
263 361 148 206
305 338 143 227
204 219 195 220
210 244 183 253
278 305 134 205
318 361 150 242
290 357 54 225
288 305 179 219
324 337 107 144
298 321 167 206
306 324 174 202
278 330 156 216
311 334 166 212
282 292 100 132
221 232 316 346
283 293 98 131
306 318 119 156
212 239 345 360
216 255 120 146
363 401 108 191
330 355 163 215
352 377 134 186
300 334 148 214
381 443 246 363
462 506 217 272
399 449 17 42
354 382 146 210
294 319 158 212
381 397 267 300
262 286 145 192
312 334 147 171
300 328 146 218
301 322 167 203
221 261 54 164
276 286 102 135
304 330 142 169
432 466 213 240
303 333 150 213
149 267 47 183
346 373 163 238
418 486 205 344
305 338 172 227
313 342 147 220
299 312 167 201
291 314 161 200
293 329 132 205
344 366 101 153
366 388 139 168
289 386 191 276
291 317 159 208
357 392 80 169
220 251 127 200
364 406 183 272
389 403 58 101
245 269 157 206
191 243 137 213
284 377 168 254
287 334 114 234
271 285 218 247
302 332 151 230
315 335 160 203
384 405 55 114
408 431 125 170
443 459 29 50
383 405 57 113
209 261 124 159
315 334 144 194
257 273 254 294
312 349 154 198
334 357 2 54
35 189 216 299
142 174 210 272
311 330 146 173
308 341 148 221
296 335 159 210
161 237 142 231
239 309 116 207
398 428 12 83
364 400 107 189
206 243 165 254
271 297 153 202
305 343 162 210
243 297 166 223
305 346 165 230
265 292 152 204
252 342 148 203
272 296 153 197
179 224 33 153
249 273 154 201
316 355 147 207
329 343 105 148
327 344 190 213
306 319 122 162
304 340 173 228
351 384 158 210
315 357 134 204
310 333 181 209
366 390 180 216
295 320 169 208
299 321 149 204
377 425 321 359
275 287 111 149
166 239 231 307
299 323 149 207
328 353 132 194
306 331 161 196
223 244 160 201
278 307 158 185
309 369 295 360
262 301 165 289
281 336 153 208
282 304 176 202
307 328 185 214
440 463 183 229
301 330 162 223
249 267 189 232
357 370 170 195
133 230 163 219
510 626 151 223
468 500 224 314
327 350 162 224
588 621 340 355
268 301 161 195
280 320 127 210
281 297 141 189
307 342 160 209
360 374 210 241
299 346 99 249
434 472 213 241
299 334 150 236
228 246 322 360
335 363 155 209
279 306 157 183
217 228 305 339
436 456 242 265
336 356 181 207
524 549 124 174
319 340 169 229
273 392 185 301
304 320 171 201
349 376 157 214
304 321 119 169
296 327 176 251
106 117 85 99
293 383 160 255
288 344 134 204
305 328 163 206
279 308 136 213
309 334 155 209
231 327 64 166
299 321 175 206
246 273 115 143
301 335 157 224
448 499 220 277
293 374 45 234
306 323 172 202
305 340 173 217
248 265 267 306
300 310 98 132
274 343 120 284
303 325 166 219
220 249 136 206
184 294 64 186
340 355 95 141
256 337 149 200
270 286 171 210
355 400 109 235
305 316 100 135
404 410 157 169
21 153 268 348
305 382 46 261
251 274 153 209
304 320 154 181
276 306 122 155
182 259 118 210
377 397 56 112
294 336 134 238
341 420 162 292
260 273 206 238
294 328 139 217
314 340 229 289
239 279 72 183
4 158 60 125
302 323 143 201
393 399 156 166
273 309 127 211
257 285 162 211
306 342 167 213
318 379 163 292
337 344 139 153
434 456 124 185
303 325 166 199
288 312 154 208
308 400 153 250
307 341 162 209
320 340 162 201
367 424 250 340
301 348 105 249
220 245 178 234
300 330 160 256
363 382 78 130
303 320 170 199
295 319 169 206
303 331 148 216
435 456 243 267
103 138 202 262
277 376 155 253
310 323 158 195
304 322 155 174
265 292 150 205
268 280 229 258
304 325 151 202
305 341 144 233
297 325 155 210
319 346 112 183
19 29 77 91
290 318 143 213
353 377 254 267
293 385 162 256
368 375 152 166
352 376 101 158
210 354 127 215
302 315 126 163
380 440 71 166
305 328 162 208
266 301 214 296
392 411 139 199
196 224 209 270
272 298 149 193
166 275 76 194
228 266 86 183
347 372 103 159
272 297 151 197
288 335 130 253
354 377 150 190
555 588 331 350
460 509 216 271
306 358 125 254
337 368 143 202
274 314 185 279
404 425 205 232
558 566 171 184
289 312 185 225
388 411 194 228
271 330 133 216
76 107 196 256
279 306 142 200
410 451 83 158
299 321 174 240
350 386 152 210
279 293 217 243
324 339 175 193
183 221 108 207
215 243 148 218
372 393 76 127
277 289 103 139
364 385 134 189
252 269 259 299
294 314 129 170
296 330 63 162
230 238 198 206
296 334 157 206
224 247 302 342
306 328 128 174
308 328 166 200
363 384 134 183
292 386 197 275
290 311 22 78
315 335 160 201
202 241 123 156
292 341 155 209
323 405 157 240
248 272 161 214
427 562 228 332
305 346 90 219
307 330 160 197
278 305 139 198
293 312 128 171
514 568 20 107
313 342 156 193
319 341 158 225
294 314 130 172
321 371 147 252
464 505 188 227
293 339 156 209
308 333 177 206
237 271 119 153
333 362 182 212
302 328 161 185
251 291 161 292
235 268 131 213
306 330 176 204
271 296 151 196
351 386 158 215
258 349 151 202
338 363 156 209
216 326 146 275
296 321 169 209
275 287 100 136
397 424 283 298
75 108 196 255
350 379 143 201
292 343 155 208
302 320 173 200
286 325 169 209
324 405 165 295
305 341 211 305
372 392 142 192
292 331 134 202
322 347 79 139
