0.xml
295 382 131 232
1.xml
294 314 129 173
2.xml
560 573 235 252
3.xml
239 262 161 216
4.xml
301 324 170 200
5.xml
235 245 293 322
6.xml
173 219 35 158
7.xml
260 304 87 196
8.xml
208 244 95 194
9.xml
304 323 281 309
10.xml
318 346 153 228
11.xml
317 339 147 174
12.xml
317 339 157 176
13.xml
333 358 149 211
14.xml
209 269 100 291
15.xml
438 479 191 230
16.xml
280 423 172 318
17.xml
210 256 123 155
18.xml
301 320 157 206
19.xml
556 590 334 351
20.xml
255 422 172 299
21.xml
340 352 182 207
22.xml
205 244 182 298
23.xml
312 334 165 232
24.xml
225 258 116 138
25.xml
255 277 157 210
26.xml
267 280 216 245
27.xml
314 331 152 171
28.xml
236 279 109 200
29.xml
290 338 154 207
30.xml
306 341 152 226
31.xml
304 339 144 240
32.xml
241 274 162 199
33.xml
289 324 147 217
34.xml
291 301 99 133
35.xml
363 390 105 167
36.xml
556 590 334 351
37.xml
384 416 323 359
38.xml
264 280 174 210
39.xml
204 240 97 197
40.xml
322 346 167 212
41.xml
355 383 147 199
42.xml
300 322 150 200
43.xml
88 122 198 261
44.xml
268 317 142 242
45.xml
243 291 92 131
46.xml
276 315 145 230
47.xml
256 275 217 256
48.xml
308 326 163 202
49.xml
275 309 145 212
50.xml
313 335 168 219
51.xml
304 315 101 137
52.xml
356 373 92 143
53.xml
145 195 164 291
54.xml
273 298 151 196
55.xml
340 367 110 173
56.xml
239 262 161 216
57.xml
268 294 142 205
58.xml
410 438 15 86
59.xml
525 572 173 297
60.xml
309 327 161 200
61.xml
279 318 148 231
62.xml
279 318 148 231
63.xml
24 33 77 91
64.xml
338 369 154 216
65.xml
278 317 148 233
66.xml
212 303 154 193
67.xml
325 342 80 137
68.xml
342 343 179 182
69.xml
202 265 259 360
70.xml
310 326 97 141
71.xml
270 305 137 230
72.xml
333 356 161 231
73.xml
301 322 165 195
74.xml
247 269 159 212
75.xml
286 307 154 209
76.xml
333 356 243 255
77.xml
555 563 169 179
78.xml
254 415 173 295
79.xml
188 251 211 360
80.xml
556 567 195 207
81.xml
580 639 156 329
82.xml
285 303 190 228
83.xml
212 303 157 196
84.xml
222 285 152 227
85.xml
329 368 107 228
86.xml
307 359 134 197
87.xml
246 308 236 318
88.xml
318 331 117 154
89.xml
293 337 157 206
90.xml
318 343 123 181
91.xml
306 336 145 195
92.xml
236 251 300 342
93.xml
326 346 236 246
94.xml
215 260 134 225
95.xml
256 280 165 230
96.xml
279 422 178 312
97.xml
425 484 206 355
98.xml
276 302 145 192
99.xml
41 50 79 92
100.xml
325 350 78 135
101.xml
300 322 170 197
102.xml
313 393 40 148
103.xml
254 403 165 300
104.xml
318 345 154 226
105.xml
232 290 150 219
106.xml
559 573 221 236
107.xml
283 310 167 285
108.xml
311 331 151 202
109.xml
322 337 59 106
110.xml
260 337 132 221
111.xml
273 338 114 271
112.xml
308 331 143 197
113.xml
294 314 127 171
114.xml
198 285 153 190
115.xml
298 318 152 203
116.xml
76 109 168 229
117.xml
431 460 299 315
118.xml
293 320 123 153
119.xml
300 323 172 202
120.xml
282 357 125 273
121.xml
328 331 199 208
122.xml
310 336 166 220
123.xml
345 379 141 203
124.xml
311 337 172 223
125.xml
237 248 293 322
126.xml
56 66 78 91
127.xml
313 351 139 197
128.xml
225 240 340 359
129.xml
295 310 168 204
130.xml
358 365 166 181
131.xml
322 347 219 281
132.xml
193 275 149 229
133.xml
307 337 161 196
134.xml
328 359 151 213
135.xml
255 332 128 217
136.xml
314 354 138 198
137.xml
417 436 117 169
138.xml
311 328 152 171
139.xml
62 96 186 249
140.xml
305 326 115 160
141.xml
295 329 151 222
142.xml
243 265 163 216
143.xml
372 398 268 283
144.xml
303 325 131 178
145.xml
285 306 149 204
146.xml
304 317 123 159
147.xml
212 244 135 203
148.xml
404 429 215 237
149.xml
238 278 95 221
150.xml
450 498 29 52
151.xml
302 322 150 201
152.xml
334 373 106 227
153.xml
307 325 167 188
154.xml
301 338 163 212
155.xml
353 401 114 258
156.xml
334 336 184 194
157.xml
285 307 145 203
158.xml
288 321 148 212
159.xml
369 388 68 124
160.xml
300 326 146 220
161.xml
312 335 162 182
162.xml
300 326 145 206
163.xml
148 296 128 268
164.xml
354 378 101 155
165.xml
287 318 109 181
166.xml
301 325 156 201
167.xml
291 321 112 181
168.xml
305 336 156 225
169.xml
297 319 182 209
170.xml
313 348 212 301
171.xml
306 324 167 188
172.xml
362 378 221 249
173.xml
283 322 148 233
174.xml
304 325 171 199
175.xml
285 335 154 210
176.xml
230 264 120 219
177.xml
558 573 224 240
178.xml
349 373 0 22
179.xml
250 276 152 199
180.xml
344 345 177 183
181.xml
243 276 163 200
182.xml
202 243 24 145
183.xml
310 335 173 225
184.xml
306 330 140 196
185.xml
209 291 142 222
186.xml
308 332 142 198
187.xml
314 336 160 211
188.xml
293 335 166 289
189.xml
323 358 172 259
190.xml
561 568 165 177
191.xml
226 236 320 353
192.xml
307 335 157 239
193.xml
323 338 150 171
194.xml
299 321 169 200
195.xml
274 299 152 197
196.xml
305 341 151 228
197.xml
452 489 179 214
198.xml
174 371 163 304
199.xml
205 235 203 276
200.xml
279 289 99 132
201.xml
318 373 161 279
202.xml
223 314 158 197
203.xml
311 357 139 195
204.xml
295 313 218 227
205.xml
284 302 153 202
206.xml
215 244 150 227
207.xml
318 345 159 231
208.xml
333 335 182 192
209.xml
429 459 298 315
210.xml
221 259 138 172
211.xml
235 281 124 221
212.xml
290 316 162 276
213.xml
308 335 153 208
214.xml
302 351 135 234
215.xml
288 338 128 238
216.xml
298 331 148 212
217.xml
299 325 147 208
218.xml
281 297 153 182
219.xml
394 414 135 186
220.xml
71 80 82 95
221.xml
323 352 113 181
222.xml
163 256 152 242
223.xml
305 336 160 197
224.xml
290 325 70 170
225.xml
306 334 157 201
226.xml
284 302 153 202
227.xml
361 386 0 21
228.xml
239 261 162 215
229.xml
293 311 161 200
230.xml
288 306 161 200
231.xml
242 255 134 174
232.xml
555 563 170 182
233.xml
190 207 191 210
234.xml
330 353 171 199
235.xml
317 333 112 159
236.xml
239 283 79 199
237.xml
401 427 163 221
238.xml
255 329 289 360
239.xml
375 410 192 227
240.xml
438 485 197 241
241.xml
315 338 184 235
242.xml
373 391 100 151
243.xml
294 333 146 231
244.xml
228 325 67 167
245.xml
275 285 103 138
246.xml
405 454 18 40
247.xml
373 426 311 360
248.xml
307 327 151 202
249.xml
300 321 176 204
250.xml
272 411 161 294
251.xml
276 353 124 212
252.xml
371 388 55 108
253.xml
291 339 154 207
254.xml
314 335 164 213
255.xml
291 314 169 197
256.xml
325 344 80 138
257.xml
308 330 175 202
258.xml
433 462 163 240
259.xml
307 332 166 218
260.xml
312 332 153 174
261.xml
286 301 151 179
262.xml
372 400 95 154
263.xml
190 234 162 251
264.xml
432 468 215 241
265.xml
237 277 67 181
266.xml
298 331 148 212
267.xml
322 344 235 245
268.xml
267 280 233 264
269.xml
318 343 164 215
270.xml
313 335 159 256
271.xml
301 324 172 202
272.xml
208 307 61 171
273.xml
210 301 156 195
274.xml
219 254 119 212
275.xml
214 313 58 172
276.xml
279 297 195 233
277.xml
339 404 121 278
278.xml
503 509 171 180
279.xml
324 370 9 31
280.xml
348 372 72 128
281.xml
226 275 135 207
282.xml
389 409 119 177
283.xml
438 485 198 242
284.xml
278 288 101 136
285.xml
365 392 105 167
286.xml
261 341 136 229
287.xml
281 442 189 342
288.xml
306 331 140 175
289.xml
438 481 193 234
290.xml
357 359 173 177
291.xml
372 418 103 242
292.xml
292 327 151 225
293.xml
305 328 160 216
294.xml
338 352 167 208
295.xml
339 350 184 209
296.xml
309 329 152 173
297.xml
423 443 116 161
298.xml
562 578 248 265
299.xml
322 368 10 31
300.xml
321 336 150 171
301.xml
269 293 152 195
302.xml
226 236 319 351
303.xml
317 343 5 64
304.xml
260 344 165 201
305.xml
296 340 164 213
306.xml
266 269 200 203
307.xml
311 334 162 182
308.xml
271 308 161 256
309.xml
308 333 148 191
310.xml
278 304 138 202
311.xml
350 368 89 138
312.xml
305 349 86 222
313.xml
332 348 149 187
314.xml
328 357 156 213
315.xml
302 380 47 236
316.xml
252 283 108 163
317.xml
293 332 146 231
318.xml
344 368 83 111
319.xml
294 319 154 199
320.xml
295 305 99 133
321.xml
373 426 314 360
322.xml
289 308 153 204
323.xml
202 239 142 219
324.xml
275 285 102 137
325.xml
153 206 129 230
326.xml
308 325 167 191
327.xml
307 326 165 206
328.xml
266 290 149 192
329.xml
339 355 151 193
330.xml
380 437 250 360
331.xml
283 308 138 201
332.xml
311 336 172 224
333.xml
285 310 157 202
334.xml
344 367 103 156
335.xml
301 323 177 204
336.xml
483 504 191 229
337.xml
415 419 160 169
338.xml
285 318 154 227
339.xml
245 255 253 283
340.xml
214 243 145 222
341.xml
342 364 184 240
342.xml
104 168 98 207
343.xml
307 327 154 207
344.xml
320 340 145 198
345.xml
283 301 154 203
346.xml
315 340 152 227
347.xml
262 416 175 333
348.xml
256 298 56 168
349.xml
310 328 161 200
350.xml
477 509 315 332
351.xml
269 419 180 309
352.xml
305 326 118 163
353.xml
294 318 160 205
354.xml
300 324 168 199
355.xml
441 474 181 212
356.xml
300 318 153 202
357.xml
352 367 127 168
358.xml
385 404 0 39
359.xml
275 350 124 272
360.xml
137 180 138 224
361.xml
438 456 247 272
362.xml
318 338 231 241
363.xml
307 336 156 241
364.xml
351 376 72 128
365.xml
286 296 98 132
366.xml
288 306 161 200
367.xml
285 301 159 188
368.xml
228 266 51 166
369.xml
279 309 118 187
370.xml
294 381 133 234
371.xml
349 354 137 149
372.xml
325 348 171 199
373.xml
297 320 169 199
374.xml
303 325 170 197
375.xml
319 352 154 222
376.xml
237 277 67 186
377.xml
307 342 152 226
378.xml
296 341 172 232
379.xml
292 325 148 212
380.xml
290 308 131 182
381.xml
315 341 6 64
382.xml
245 271 153 200
383.xml
330 405 33 137
384.xml
307 372 119 276
385.xml
309 333 166 216
386.xml
316 342 150 226
387.xml
186 249 212 360
388.xml
323 346 172 200
389.xml
303 325 168 199
390.xml
206 295 140 226
391.xml
361 433 29 131
392.xml
331 335 133 146
393.xml
290 313 9 64
394.xml
372 392 125 178
395.xml
305 324 152 176
396.xml
299 322 169 199
397.xml
445 503 224 281
398.xml
269 282 219 242
399.xml
289 330 181 267
400.xml
313 334 166 215
401.xml
248 399 152 311
402.xml
184 266 136 216
403.xml
279 295 153 182
404.xml
260 303 152 248
405.xml
254 290 101 213
406.xml
377 393 67 107
407.xml
19 29 76 90
408.xml
166 285 28 171
409.xml
314 340 154 223
410.xml
381 425 193 230
411.xml
292 322 156 232
412.xml
429 487 39 128
413.xml
468 519 218 268
414.xml
282 318 47 150
415.xml
433 481 23 46
416.xml
292 321 112 178
417.xml
342 344 183 192
418.xml
368 412 100 233
419.xml
301 317 132 173
420.xml
308 341 158 226
421.xml
274 311 45 150
422.xml
117 186 175 335
423.xml
293 329 146 228
424.xml
335 352 289 317
425.xml
379 406 273 288
426.xml
246 267 191 234
427.xml
298 331 148 212
428.xml
276 351 124 272
429.xml
292 324 165 245
430.xml
285 306 145 200
431.xml
267 302 75 174
432.xml
421 447 162 231
433.xml
317 335 162 201
434.xml
312 330 162 201
435.xml
285 308 28 81
436.xml
201 237 141 215
437.xml
27 36 78 91
438.xml
296 335 146 231
439.xml
244 256 134 174
440.xml
296 338 129 247
441.xml
310 327 162 181
442.xml
455 460 165 173
443.xml
303 323 152 205
444.xml
302 323 167 197
445.xml
223 249 210 274
446.xml
335 352 150 194
447.xml
279 322 127 249
448.xml
183 259 138 212
449.xml
301 320 155 204
450.xml
300 323 169 199
451.xml
439 472 183 214
452.xml
210 283 155 226
453.xml
175 363 161 296
454.xml
384 416 326 359
455.xml
282 305 169 197
456.xml
378 380 202 205
457.xml
310 347 141 196
458.xml
429 441 158 182
459.xml
298 323 152 210
460.xml
300 319 147 191
461.xml
348 361 122 162
462.xml
171 368 162 303
463.xml
307 337 160 195
464.xml
326 343 146 186
465.xml
353 388 152 216
466.xml
300 325 142 200
467.xml
358 453 155 289
468.xml
306 336 146 196
469.xml
312 344 154 211
470.xml
309 332 164 192
471.xml
245 255 251 279
472.xml
300 322 168 199
473.xml
252 278 152 222
474.xml
310 342 143 197
475.xml
464 501 186 221
476.xml
313 334 166 215
477.xml
311 336 167 219
478.xml
72 105 168 229
479.xml
37 46 79 93
480.xml
313 337 154 199
481.xml
346 392 12 34
482.xml
301 317 138 179
483.xml
149 173 139 158
484.xml
244 266 159 212
485.xml
434 462 18 89
486.xml
277 295 141 195
487.xml
297 324 127 157
488.xml
249 287 160 194
489.xml
218 228 302 332
490.xml
296 321 153 211
491.xml
324 365 117 240
492.xml
302 324 171 200
493.xml
310 375 302 360
494.xml
31 40 78 91
495.xml
329 351 240 250
496.xml
242 256 285 329
497.xml
280 366 53 158
498.xml
307 327 163 186
499.xml
166 216 143 190
500.xml
209 260 124 159
501.xml
336 340 137 151
502.xml
153 195 70 158
503.xml
302 322 152 203
504.xml
281 367 53 158
505.xml
305 336 159 196
506.xml
492 526 319 338
507.xml
393 416 67 124
508.xml
307 334 151 197
509.xml
298 324 145 222
510.xml
306 338 160 198
511.xml
385 411 12 80
512.xml
242 411 174 340
513.xml
309 327 162 201
514.xml
305 328 184 212
515.xml
245 264 222 261
516.xml
399 426 285 301
517.xml
305 327 176 203
518.xml
295 298 200 208
519.xml
310 330 153 204
520.xml
249 276 150 199
521.xml
461 481 238 265
522.xml
29 38 78 91
523.xml
329 341 109 146
524.xml
338 369 154 216
525.xml
300 323 172 202
526.xml
556 567 200 213
527.xml
306 338 160 198
528.xml
297 330 148 212
529.xml
441 503 229 290
530.xml
269 308 145 230
531.xml
145 265 35 185
532.xml
443 476 181 212
533.xml
297 346 133 232
534.xml
239 326 160 197
535.xml
275 430 169 314
536.xml
533 566 329 346
537.xml
406 426 208 229
538.xml
295 321 148 195
539.xml
206 320 133 250
540.xml
313 341 160 194
541.xml
305 329 132 158
542.xml
255 277 157 210
543.xml
305 316 105 140
544.xml
305 340 144 240
545.xml
334 350 149 187
546.xml
210 301 155 194
547.xml
426 431 162 171
548.xml
247 269 160 213
549.xml
23 33 77 91
550.xml
297 325 166 191
551.xml
313 333 153 204
552.xml
305 319 196 224
553.xml
304 362 122 251
554.xml
314 330 79 125
555.xml
305 325 145 191
556.xml
173 216 79 169
557.xml
286 313 144 224
558.xml
353 387 130 190
559.xml
325 341 184 230
560.xml
230 275 67 181
561.xml
161 246 148 231
562.xml
164 181 182 202
563.xml
223 233 316 348
564.xml
320 341 167 231
565.xml
332 348 34 84
566.xml
455 490 181 215
567.xml
265 292 147 218
568.xml
427 439 151 176
569.xml
273 297 168 233
570.xml
359 365 168 183
571.xml
312 369 138 254
572.xml
316 339 164 192
573.xml
299 321 171 202
574.xml
309 331 169 196
575.xml
298 334 150 227
576.xml
264 348 166 202
577.xml
221 270 104 222
578.xml
415 452 217 244
579.xml
234 312 124 278
580.xml
296 351 131 242
581.xml
175 286 67 173
582.xml
298 319 117 162
583.xml
306 336 161 196
584.xml
291 337 8 30
585.xml
329 345 153 174
586.xml
289 307 161 200
587.xml
328 345 132 182
588.xml
296 329 148 212
589.xml
374 393 126 177
590.xml
303 359 145 269
591.xml
364 390 190 246
592.xml
377 405 95 155
593.xml
328 350 164 231
594.xml
439 462 237 261
595.xml
321 342 164 213
596.xml
212 295 128 182
597.xml
236 314 124 278
598.xml
346 367 154 205
599.xml
487 521 318 336
600.xml
303 326 172 202
601.xml
307 371 302 360
602.xml
304 325 175 203
603.xml
322 350 158 213
604.xml
332 350 233 257
605.xml
374 375 202 206
606.xml
249 261 134 174
607.xml
304 331 128 208
608.xml
308 328 152 203
609.xml
293 308 169 203
610.xml
242 253 258 288
611.xml
543 558 266 285
612.xml
323 335 134 167
613.xml
297 339 159 214
614.xml
293 311 161 200
615.xml
285 305 154 207
616.xml
296 348 119 233
617.xml
281 314 166 195
618.xml
222 234 318 350
619.xml
442 468 218 235
620.xml
290 324 186 273
621.xml
392 430 63 98
622.xml
336 366 154 213
623.xml
299 321 172 203
624.xml
572 617 4 90
625.xml
316 334 162 201
626.xml
441 489 201 247
627.xml
317 339 156 183
628.xml
319 342 156 184
629.xml
268 281 217 242
630.xml
270 308 160 259
631.xml
245 332 135 238
632.xml
347 393 12 33
633.xml
308 328 152 203
634.xml
290 313 155 206
635.xml
303 326 142 204
636.xml
303 323 150 201
637.xml
289 305 170 210
638.xml
341 382 147 209
639.xml
283 360 139 227
640.xml
233 244 294 323
641.xml
384 406 137 189
642.xml
302 322 149 202
643.xml
297 319 187 214
644.xml
339 367 156 213
645.xml
226 392 159 310
646.xml
279 289 105 140
647.xml
297 313 153 191
648.xml
303 314 128 163
649.xml
276 342 135 258
650.xml
301 319 278 305
651.xml
351 378 108 171
652.xml
252 336 138 237
653.xml
305 334 146 213
654.xml
553 562 178 190
655.xml
262 339 133 222
656.xml
380 382 201 205
657.xml
324 382 167 287
658.xml
309 327 255 282
659.xml
317 343 153 222
660.xml
296 379 124 221
661.xml
275 317 98 229
662.xml
333 371 158 227
663.xml
253 340 160 197
664.xml
83 117 196 259
665.xml
306 328 181 208
666.xml
304 325 130 175
667.xml
366 391 265 278
668.xml
290 308 164 203
669.xml
239 283 81 192
670.xml
456 479 192 226
671.xml
313 351 139 197
672.xml
291 343 125 243
673.xml
278 294 169 207
674.xml
311 330 160 183
675.xml
260 296 136 210
676.xml
308 334 155 208
677.xml
321 368 10 32
678.xml
440 556 105 259
679.xml
208 268 149 340
680.xml
227 260 113 135
681.xml
299 321 174 205
682.xml
373 418 277 359
683.xml
301 313 130 165
684.xml
387 400 172 194
685.xml
292 333 182 268
686.xml
303 320 169 200
687.xml
312 334 179 200
688.xml
304 329 150 194
689.xml
231 265 120 218
690.xml
273 353 160 204
691.xml
304 338 143 226
692.xml
201 218 196 218
693.xml
211 237 191 253
694.xml
277 303 138 203
695.xml
321 368 145 240
696.xml
290 362 48 223
697.xml
288 305 180 218
698.xml
324 336 107 146
699.xml
301 322 168 198
700.xml
305 325 174 201
701.xml
280 332 159 217
702.xml
312 333 167 216
703.xml
283 293 98 131
704.xml
223 233 316 347
705.xml
283 293 98 132
706.xml
307 315 118 153
707.xml
220 239 351 360
708.xml
216 256 119 145
709.xml
364 400 108 190
710.xml
323 352 158 215
711.xml
355 375 133 186
712.xml
298 331 148 212
713.xml
382 439 244 360
714.xml
455 508 222 274
715.xml
400 448 17 40
716.xml
348 384 150 205
717.xml
296 320 160 218
718.xml
295 310 146 174
719.xml
262 287 146 191
720.xml
313 332 146 171
721.xml
303 329 146 220
722.xml
300 322 170 201
723.xml
222 261 51 163
724.xml
275 285 102 137
725.xml
303 323 149 174
726.xml
429 463 214 239
727.xml
299 332 148 212
728.xml
146 267 35 181
729.xml
334 372 158 227
730.xml
421 480 205 341
731.xml
295 340 172 232
732.xml
314 340 146 211
733.xml
298 313 167 201
734.xml
293 311 160 199
735.xml
298 325 127 207
736.xml
343 366 102 152
737.xml
365 387 141 170
738.xml
216 392 186 341
739.xml
288 315 152 205
740.xml
355 391 81 165
741.xml
220 254 126 194
742.xml
360 405 187 277
743.xml
387 402 60 100
744.xml
244 271 155 204
745.xml
184 260 138 212
746.xml
239 402 159 296
747.xml
293 337 115 236
748.xml
270 281 218 245
749.xml
304 331 150 230
750.xml
315 333 162 201
751.xml
384 403 58 113
752.xml
338 374 150 213
753.xml
441 463 27 53
754.xml
385 404 60 114
755.xml
210 260 125 159
756.xml
315 335 142 195
757.xml
259 273 255 294
758.xml
324 350 162 193
759.xml
335 356 0 54
760.xml
322 339 249 277
761.xml
142 176 209 272
762.xml
310 333 150 179
763.xml
308 344 150 227
764.xml
306 334 157 201
765.xml
160 237 134 231
766.xml
255 400 152 305
767.xml
400 426 15 83
768.xml
365 401 107 189
769.xml
208 238 159 247
770.xml
274 299 152 197
771.xml
301 341 159 212
772.xml
243 299 161 228
773.xml
311 329 164 193
774.xml
264 291 159 202
775.xml
249 336 160 197
776.xml
274 298 151 197
777.xml
181 227 33 152
778.xml
247 273 152 199
779.xml
314 349 149 211
780.xml
327 343 105 151
781.xml
329 343 190 215
782.xml
307 319 123 163
783.xml
295 340 172 232
784.xml
355 373 158 201
785.xml
311 357 139 195
786.xml
308 330 179 206
787.xml
367 393 185 214
788.xml
297 319 173 204
789.xml
298 321 149 204
790.xml
384 416 323 359
791.xml
276 287 112 151
792.xml
180 369 164 300
793.xml
300 324 149 205
794.xml
329 354 133 191
795.xml
310 328 161 200
796.xml
224 248 155 194
797.xml
281 311 157 181
798.xml
305 371 299 360
799.xml
262 297 163 280
800.xml
285 335 154 210
801.xml
281 304 174 202
802.xml
304 327 186 214
803.xml
319 341 156 183
804.xml
300 334 151 222
805.xml
248 268 189 232
806.xml
359 370 171 195
807.xml
350 367 225 250
808.xml
311 329 161 200
809.xml
169 248 142 219
810.xml
323 347 155 227
811.xml
588 624 340 358
812.xml
267 303 166 197
813.xml
283 308 162 207
814.xml
280 298 140 192
815.xml
301 341 159 212
816.xml
236 247 260 288
817.xml
304 348 104 240
818.xml
432 469 213 240
819.xml
299 331 155 235
820.xml
229 246 323 359
821.xml
330 360 151 210
822.xml
278 309 155 180
823.xml
217 228 304 335
824.xml
436 455 243 261
825.xml
336 338 183 193
826.xml
296 315 150 197
827.xml
315 341 156 225
828.xml
273 395 192 324
829.xml
302 324 172 201
830.xml
357 384 158 209
831.xml
305 321 121 170
832.xml
296 328 177 257
833.xml
110 119 87 100
834.xml
268 402 162 290
835.xml
286 312 142 194
836.xml
307 326 165 206
837.xml
279 308 139 214
838.xml
308 335 153 208
839.xml
234 332 67 162
840.xml
299 320 174 204
841.xml
243 272 114 147
842.xml
300 331 155 224
843.xml
442 502 227 286
844.xml
292 373 36 233
845.xml
304 324 173 200
846.xml
309 334 168 220
847.xml
249 265 266 308
848.xml
301 311 99 133
849.xml
271 346 123 271
850.xml
304 327 167 219
851.xml
218 249 132 198
852.xml
185 290 68 189
853.xml
339 355 96 141
854.xml
250 337 160 197
855.xml
271 287 170 208
856.xml
359 400 107 230
857.xml
305 316 101 137
858.xml
406 410 159 170
859.xml
326 343 266 294
860.xml
309 390 58 255
861.xml
251 272 158 209
862.xml
304 320 154 183
863.xml
277 305 121 152
864.xml
194 262 135 212
865.xml
377 399 57 111
866.xml
290 340 131 241
867.xml
348 417 161 296
868.xml
261 270 210 230
869.xml
289 322 148 212
870.xml
338 365 153 208
871.xml
238 279 72 183
872.xml
334 351 278 306
873.xml
300 325 143 201
874.xml
395 400 158 168
875.xml
282 306 164 207
876.xml
257 282 165 209
877.xml
297 339 159 214
878.xml
316 364 172 301
879.xml
338 343 140 154
880.xml
338 372 145 212
881.xml
303 325 167 198
882.xml
289 310 155 210
883.xml
271 410 158 291
884.xml
301 339 160 211
885.xml
320 338 162 201
886.xml
370 414 251 337
887.xml
305 349 108 244
888.xml
220 243 179 234
889.xml
303 323 165 251
890.xml
364 382 79 129
891.xml
301 324 172 202
892.xml
298 320 171 202
893.xml
305 330 146 217
894.xml
437 455 245 265
895.xml
104 138 199 262
896.xml
218 379 168 314
897.xml
311 324 159 192
898.xml
308 325 158 177
899.xml
264 291 159 202
900.xml
269 282 229 257
901.xml
304 324 151 202
902.xml
306 342 151 228
903.xml
301 319 153 202
904.xml
318 348 113 183
905.xml
19 29 76 90
906.xml
286 318 144 212
907.xml
353 377 255 268
908.xml
268 402 162 290
909.xml
368 374 154 165
910.xml
352 376 100 155
911.xml
208 351 126 216
912.xml
303 315 127 162
913.xml
395 430 76 162
914.xml
306 325 165 208
915.xml
268 301 214 294
916.xml
392 411 143 201
917.xml
198 224 206 270
918.xml
275 299 147 193
919.xml
168 278 78 192
920.xml
227 263 87 181
921.xml
348 371 102 157
922.xml
273 299 150 197
923.xml
287 330 131 251
924.xml
349 380 142 199
925.xml
555 588 334 351
926.xml
456 509 222 274
927.xml
302 360 125 254
928.xml
336 368 143 208
929.xml
272 317 183 276
930.xml
405 425 207 229
931.xml
556 563 170 182
932.xml
303 324 167 197
933.xml
376 420 194 231
934.xml
273 333 140 222
935.xml
75 109 192 255
936.xml
283 301 153 202
937.xml
414 454 87 163
938.xml
298 321 168 238
939.xml
351 389 146 216
940.xml
278 289 216 244
941.xml
343 344 178 184
942.xml
183 220 107 205
943.xml
214 243 146 223
944.xml
374 392 77 126
945.xml
278 287 104 139
946.xml
364 386 134 190
947.xml
254 269 258 299
948.xml
294 314 127 171
949.xml
296 330 64 161
950.xml
233 236 200 204
951.xml
306 338 160 198
952.xml
227 247 301 343
953.xml
307 329 123 170
954.xml
307 329 168 199
955.xml
365 384 134 181
956.xml
221 390 188 337
957.xml
290 313 29 82
958.xml
315 333 162 201
959.xml
207 240 123 160
960.xml
292 338 156 207
961.xml
253 398 154 307
962.xml
248 270 164 217
963.xml
303 336 158 226
964.xml
305 349 86 222
965.xml
311 329 160 199
966.xml
273 308 141 212
967.xml
294 314 127 171
968.xml
516 568 20 104
969.xml
320 343 158 186
970.xml
314 340 154 223
971.xml
294 314 131 175
972.xml
323 368 150 256
973.xml
466 504 188 224
974.xml
295 339 158 207
975.xml
307 329 176 203
976.xml
235 270 120 151
977.xml
333 336 184 193
978.xml
303 331 163 181
979.xml
252 288 161 283
980.xml
230 275 119 210
981.xml
306 328 175 202
982.xml
273 299 150 197
983.xml
349 380 154 216
984.xml
258 342 162 198
985.xml
331 361 154 213
986.xml
219 331 147 273
987.xml
300 322 172 203
988.xml
276 286 101 136
989.xml
397 424 284 299
990.xml
74 108 191 254
991.xml
348 382 142 204
992.xml
293 339 155 206
993.xml
301 323 173 202
994.xml
318 335 145 185
995.xml
327 400 162 292
996.xml
304 339 211 301
997.xml
372 392 142 192
998.xml
299 326 127 207
999.xml
324 346 79 136
