297 382 130 237
293 313 134 172
557 572 236 253
239 260 161 214
303 320 169 199
235 247 291 323
173 215 37 159
262 303 87 194
207 246 96 197
304 320 284 308
318 344 149 228
319 336 150 168
317 337 156 176
329 358 153 219
211 272 99 284
439 484 193 251
299 386 208 275
212 257 123 158
300 320 156 206
553 586 333 354
300 414 161 281
340 354 182 202
209 245 182 297
314 334 174 232
225 257 116 139
254 277 151 205
267 280 216 248
315 330 152 176
234 269 119 202
292 338 159 207
310 343 150 232
303 339 146 244
239 281 161 194
296 322 153 218
291 302 100 133
362 389 109 170
552 583 331 350
372 429 321 360
263 279 174 213
201 243 93 201
323 346 166 212
355 385 146 202
300 319 147 197
88 122 205 263
265 319 142 241
246 282 93 131
277 315 144 225
256 276 216 256
306 327 161 202
277 313 132 211
307 337 167 215
304 315 100 135
355 374 91 143
143 191 164 300
274 296 153 201
135 178 130 168
239 260 162 212
267 293 139 206
410 439 17 86
527 566 174 285
307 330 164 201
286 318 155 235
284 319 150 238
24 34 78 92
344 369 163 215
274 320 147 234
220 307 147 199
325 345 80 141
326 341 175 195
195 265 262 353
310 325 98 140
268 304 135 231
335 357 167 230
249 273 147 176
247 268 158 211
285 307 151 205
331 354 244 255
555 564 169 181
314 402 163 257
185 249 211 355
556 566 196 209
427 452 101 127
285 302 189 229
226 324 150 203
223 284 158 252
326 369 102 228
305 362 137 195
260 303 237 301
319 332 115 156
295 336 157 205
314 347 123 183
308 335 145 204
235 252 300 341
323 344 236 248
218 258 138 226
252 282 161 232
309 419 167 287
424 486 211 353
275 305 146 192
39 48 81 94
322 351 79 139
302 321 172 197
306 402 38 154
266 392 169 277
319 345 148 228
432 485 164 210
555 572 219 239
281 313 166 281
310 332 148 204
322 337 59 105
269 335 131 222
268 334 116 275
311 333 134 196
293 314 129 175
208 281 147 191
299 317 151 200
76 110 173 229
431 459 296 314
289 319 120 153
301 320 173 202
283 350 122 285
327 336 197 206
310 343 166 215
350 373 146 196
398 420 268 324
237 248 291 323
56 65 79 92
313 346 138 203
218 242 343 361
295 309 168 206
359 365 165 179
322 348 217 281
476 522 266 346
300 345 150 202
337 360 157 213
259 338 126 222
311 347 138 210
416 436 118 166
313 330 153 173
62 97 190 251
322 343 183 228
301 324 154 220
479 523 219 259
375 399 268 282
304 325 136 179
285 307 148 201
306 317 123 157
214 243 131 204
407 429 213 236
234 280 98 223
451 501 29 55
303 322 151 197
333 374 109 229
214 254 202 246
305 347 160 211
353 399 116 268
336 356 182 206
284 304 147 198
292 323 148 214
370 389 70 123
296 327 147 220
311 334 159 181
301 323 146 202
201 282 132 254
352 376 102 160
291 314 117 177
304 327 159 203
291 319 115 179
306 338 155 225
300 318 181 207
314 348 216 301
459 490 253 301
162 239 156 208
282 325 148 229
307 324 172 201
279 336 156 209
229 267 119 220
557 571 222 238
352 371 1 22
251 275 154 197
325 341 175 194
202 234 172 201
204 246 22 147
309 344 174 218
305 328 145 197
345 376 287 354
307 327 143 193
313 336 160 211
289 340 159 294
325 359 172 255
558 567 166 178
226 239 318 351
303 333 160 233
318 334 150 170
305 327 239 279
272 297 151 204
309 339 152 226
450 486 183 219
164 244 232 315
207 244 200 271
279 289 98 133
323 373 164 277
238 325 145 205
314 352 136 204
295 312 216 227
281 311 147 182
213 248 150 227
318 344 151 232
340 358 186 209
430 461 297 314
221 263 140 172
246 276 151 221
285 321 163 273
310 335 152 204
300 345 151 258
288 336 127 239
302 331 152 212
300 322 147 203
281 296 152 178
395 413 134 184
70 79 82 96
324 349 115 178
166 262 154 246
297 333 160 206
290 327 69 168
299 336 156 215
282 310 142 195
361 385 1 23
237 259 162 212
292 310 163 199
285 307 162 201
241 255 133 178
556 564 169 182
190 211 193 214
337 356 173 196
317 333 112 159
239 282 77 198
405 432 163 230
253 334 290 361
383 406 196 225
441 482 199 244
318 341 185 231
372 391 100 151
292 337 138 233
228 319 69 165
274 284 103 136
407 456 17 41
369 429 310 359
307 327 151 202
302 319 175 202
289 394 162 255
274 349 114 211
370 389 55 110
293 340 158 208
310 336 166 217
292 314 169 197
322 344 79 140
308 333 175 205
428 453 163 238
304 338 166 215
314 330 149 172
284 301 151 178
372 399 94 159
194 238 158 249
435 470 213 241
240 279 67 182
302 331 150 213
321 342 235 247
270 281 233 263
319 341 166 210
310 337 160 255
302 320 175 202
204 301 60 169
217 312 145 204
219 255 119 213
215 306 60 175
280 299 193 234
341 400 127 279
503 509 170 181
325 367 9 29
348 374 70 133
232 268 135 203
389 410 117 176
439 481 198 248
277 288 100 135
362 391 106 169
264 344 131 236
371 443 184 284
325 346 163 219
436 490 194 247
287 299 173 183
366 419 102 243
298 323 150 219
307 327 165 216
336 351 166 209
338 351 181 205
308 327 150 175
422 441 116 163
562 577 248 266
326 369 7 27
317 332 149 168
268 290 151 198
227 239 316 349
319 343 5 62
265 352 147 204
298 338 166 214
548 563 212 231
311 336 159 181
277 312 158 265
314 343 158 225
279 305 135 200
349 368 88 140
307 348 87 219
331 347 148 175
335 360 157 209
294 368 64 250
251 280 109 164
187 282 171 276
340 370 82 115
293 336 131 203
296 306 98 134
370 432 313 360
294 317 158 209
201 241 144 220
274 285 102 135
165 201 134 230
310 325 165 192
307 326 164 203
267 290 149 199
335 358 152 189
379 439 250 359
282 307 136 202
305 345 173 214
271 309 125 209
343 367 103 160
301 325 177 206
484 505 183 220
417 422 159 168
289 331 172 223
244 255 256 281
217 248 147 223
345 365 185 239
107 161 96 210
305 326 154 209
318 340 145 194
280 307 149 182
318 341 151 230
289 398 184 278
257 298 64 168
310 328 169 201
478 512 314 330
306 408 177 281
306 324 120 162
297 318 162 209
302 321 170 198
437 480 181 218
298 330 144 200
353 367 125 165
383 403 3 38
282 342 126 278
280 300 90 142
440 459 243 272
316 336 231 244
306 336 159 238
351 375 70 131
287 297 99 132
286 307 161 202
282 300 162 181
227 265 50 159
280 306 125 188
297 383 138 237
350 357 142 157
331 348 171 196
301 318 167 197
306 326 172 198
321 349 154 217
239 278 68 185
310 343 151 229
303 342 171 220
294 325 148 214
289 309 128 184
315 338 9 65
244 270 151 203
322 416 36 138
301 368 121 276
304 341 167 215
315 343 153 221
183 248 214 354
328 349 173 199
303 324 168 201
333 352 130 182
366 438 32 131
328 336 131 147
290 312 10 67
371 393 124 177
306 325 148 172
303 319 168 197
454 500 221 276
266 279 220 242
292 330 180 265
311 337 163 217
318 408 148 234
343 379 217 299
279 292 153 178
259 299 154 248
251 291 103 216
378 392 65 110
15 25 75 90
169 288 46 176
315 338 154 229
393 414 193 222
289 319 159 236
431 491 41 125
467 521 210 273
283 317 45 151
433 478 24 49
292 320 114 180
345 362 182 200
370 415 100 235
302 319 133 173
309 340 159 226
275 312 40 152
120 173 172 320
294 328 150 233
101 139 173 224
382 408 274 287
247 266 191 234
303 331 152 212
283 344 126 279
295 326 167 239
285 306 148 197
266 301 77 172
411 439 164 242
317 338 162 201
312 335 166 200
287 306 27 78
199 239 135 227
28 39 77 91
292 337 139 232
244 257 133 177
292 337 140 261
308 327 163 182
455 461 165 175
303 324 151 203
268 288 148 175
220 248 210 273
334 352 147 181
279 325 132 254
108 142 175 248
301 320 154 201
304 320 169 198
433 481 185 222
215 284 157 225
246 348 156 257
377 429 324 361
284 307 170 199
373 382 200 208
312 346 145 204
429 444 158 184
299 320 151 205
263 296 168 205
350 361 122 159
141 231 227 307
296 336 156 209
321 344 143 177
355 387 156 215
302 324 142 194
357 458 166 280
307 335 145 208
310 352 154 214
313 332 162 189
244 256 252 283
296 320 221 259
251 279 156 219
310 339 143 207
463 502 188 228
311 339 163 217
309 344 167 212
73 107 174 230
34 43 80 93
316 337 152 201
346 392 12 34
301 314 137 177
152 171 139 159
244 265 159 211
436 464 19 90
278 295 143 190
292 324 126 155
251 286 158 191
217 228 300 335
299 319 149 203
330 368 118 232
305 321 169 201
309 379 301 362
28 38 78 91
327 347 240 251
242 258 286 327
279 371 51 158
597 611 190 207
175 213 140 189
210 262 125 160
332 338 139 151
156 193 68 158
302 322 151 201
279 373 51 156
294 338 160 206
496 530 318 337
395 416 66 122
309 334 153 208
294 326 149 220
296 337 158 207
385 413 12 79
251 368 201 287
308 327 161 196
310 332 182 208
246 268 222 264
397 424 283 299
306 327 176 203
292 299 195 205
310 331 153 203
249 272 150 197
459 483 237 263
28 38 78 91
329 340 111 150
345 371 164 213
302 320 172 201
555 566 200 213
299 334 161 206
301 333 145 209
441 504 229 290
270 314 146 225
148 268 57 191
439 481 181 221
312 351 149 228
248 342 141 201
310 425 164 284
537 568 330 348
406 428 207 230
296 335 129 199
213 318 136 257
315 331 165 205
306 326 133 157
254 276 153 209
305 315 105 139
304 340 146 240
329 350 147 183
218 306 143 202
425 431 162 171
246 269 157 214
22 32 79 93
297 323 165 191
314 334 154 202
303 319 196 223
308 358 125 250
313 329 82 125
296 327 139 186
173 216 80 171
287 315 148 222
359 387 135 186
325 341 185 229
232 274 68 185
330 360 202 281
164 181 181 202
221 232 316 345
321 343 162 230
330 347 36 85
452 490 183 223
269 292 155 217
424 438 149 176
271 298 173 233
358 364 168 181
317 363 146 246
320 339 165 188
299 319 168 205
311 333 171 199
302 330 152 222
273 350 159 205
222 268 103 226
416 457 216 247
245 304 132 280
303 350 144 245
179 277 68 173
299 318 117 159
296 335 156 208
301 344 5 25
324 344 146 170
287 308 160 203
328 348 130 183
301 328 151 212
373 396 124 179
309 360 147 274
369 391 187 249
379 402 98 154
328 351 167 233
440 463 236 263
321 344 168 214
208 297 129 183
244 306 126 280
344 364 91 156
489 522 317 335
305 323 172 201
309 373 304 360
199 223 154 183
330 353 164 213
105 205 171 235
369 377 201 210
249 263 134 179
304 327 146 193
308 327 153 201
293 308 169 206
240 254 259 287
543 557 264 284
323 335 133 168
305 339 156 210
293 311 164 199
282 304 147 202
431 484 147 270
284 314 164 193
191 202 318 347
441 467 216 237
291 326 182 268
393 430 48 81
343 366 155 211
195 211 98 122
569 622 8 88
316 336 159 197
435 488 197 253
313 336 158 183
315 337 157 188
267 280 218 242
275 310 155 268
244 314 145 240
348 395 11 32
307 327 152 203
291 315 153 208
304 325 143 204
302 322 148 200
290 306 169 209
344 383 146 206
275 380 137 257
233 244 293 323
383 404 138 188
302 322 150 202
296 319 184 213
341 366 158 212
202 292 205 285
278 289 104 139
297 314 152 194
303 314 129 163
274 348 143 268
303 316 283 300
187 230 120 157
261 331 147 244
88 117 131 206
553 563 175 191
268 341 132 220
297 311 198 209
325 382 169 278
310 324 256 281
318 343 152 225
301 383 128 224
271 318 89 233
300 317 161 211
258 353 145 202
462 513 103 147
308 327 182 208
303 326 134 180
367 392 265 280
290 306 163 204
240 279 80 193
456 481 187 219
313 347 139 205
293 342 128 246
278 294 169 212
306 326 162 189
265 293 139 200
310 333 156 207
323 366 7 28
443 546 116 257
204 269 140 338
226 261 111 137
299 321 172 204
370 434 263 361
301 312 131 166
386 400 171 195
294 333 179 264
302 320 171 198
313 333 177 200
308 346 161 233
231 268 119 222
268 361 148 204
305 338 143 225
202 217 197 219
211 242 187 253
280 304 136 205
313 362 147 252
288 346 51 220
287 304 180 219
324 336 107 146
261 281 132 159
199 222 155 184
281 330 159 215
308 339 163 216
282 291 99 132
222 232 316 346
283 293 98 132
307 318 118 156
215 239 347 360
215 254 120 145
362 400 109 188
331 353 166 210
352 377 133 184
302 329 150 213
381 440 249 356
460 508 219 275
400 448 19 43
354 379 150 213
297 318 156 215
383 396 268 300
261 285 146 191
311 332 147 169
301 328 150 217
301 320 171 200
222 260 50 159
274 285 102 136
307 329 142 166
428 465 213 239
302 331 152 212
153 265 45 182
292 313 163 223
419 486 205 339
305 339 170 221
314 341 147 219
299 312 167 202
292 309 164 197
294 326 132 203
345 366 102 154
365 386 139 163
279 397 186 265
292 316 160 205
358 391 78 170
220 251 128 204
362 402 184 273
388 402 59 101
246 270 156 208
185 245 140 210
279 379 149 257
289 333 117 228
269 284 219 248
298 333 154 227
314 336 160 196
384 405 58 113
348 368 156 211
444 459 29 51
383 405 58 113
211 258 124 160
315 336 145 196
258 273 253 292
323 345 158 196
337 356 2 52
400 425 159 225
143 172 209 272
309 327 145 168
311 344 147 226
296 336 162 210
165 233 140 229
319 408 151 233
400 428 18 83
364 399 108 187
204 239 158 252
272 297 151 204
306 347 160 206
243 301 167 226
317 349 168 229
269 290 158 206
253 344 141 202
273 295 153 197
180 222 34 151
246 272 152 201
317 355 149 205
329 343 107 150
329 344 190 213
307 319 123 161
304 342 172 220
503 523 120 178
315 353 135 205
309 332 180 210
368 392 184 214
296 318 168 204
298 321 150 201
371 429 321 362
276 287 111 150
161 247 229 307
299 320 151 203
333 349 138 185
307 331 163 202
223 242 158 197
281 308 159 186
306 374 298 361
264 298 166 287
284 334 156 210
282 304 176 203
310 326 186 212
310 343 147 181
305 329 161 220
249 267 188 231
358 371 170 197
132 226 165 218
312 331 168 201
467 501 224 314
327 349 154 223
587 621 337 356
271 301 166 196
280 316 129 211
281 297 140 188
304 347 159 208
236 246 265 289
301 346 101 243
437 471 214 240
300 332 152 239
229 245 322 360
335 361 161 211
281 309 157 183
219 230 302 338
436 456 242 265
341 355 182 206
296 314 148 178
318 339 156 228
278 397 187 305
306 321 170 201
354 376 160 212
305 321 120 171
294 327 177 260
111 119 85 99
279 394 155 258
297 349 132 202
307 326 164 204
281 308 139 212
310 335 155 208
231 328 65 165
297 320 173 206
246 274 113 144
300 335 155 225
443 503 225 294
292 364 42 226
309 324 176 201
305 339 173 215
249 265 265 308
300 310 98 133
277 338 125 280
303 324 166 219
223 245 134 200
186 292 71 189
340 354 96 141
261 342 143 201
271 286 169 207
355 401 109 228
304 314 101 136
403 408 157 167
408 427 174 229
296 382 60 259
252 274 155 210
303 319 155 180
276 307 121 152
189 266 118 211
377 399 57 111
294 338 130 243
340 421 162 298
259 272 205 236
291 326 142 211
319 340 212 261
240 279 68 186
412 433 200 253
301 323 141 195
393 398 156 166
280 304 136 206
258 286 163 210
301 343 157 211
314 377 174 294
336 342 142 153
345 372 152 211
305 323 168 198
290 310 157 208
279 405 151 263
305 340 162 208
325 344 164 200
373 416 251 333
302 349 102 246
220 245 177 235
300 329 162 254
364 382 79 129
257 278 205 242
298 318 168 204
303 329 151 213
436 457 243 268
104 139 203 262
279 380 150 248
311 324 159 193
305 324 154 175
268 290 158 206
269 281 229 256
306 324 154 201
308 342 148 234
302 327 146 204
318 345 114 181
14 24 78 94
290 317 144 211
353 377 254 267
282 397 153 258
366 372 155 167
351 375 102 159
203 357 130 214
303 314 128 164
386 437 75 165
305 326 161 206
266 300 215 296
391 410 140 200
198 225 211 270
272 297 150 194
170 270 80 189
228 266 85 181
346 371 101 161
273 296 151 200
289 334 135 255
354 374 148 190
551 586 333 353
462 510 217 273
304 355 121 260
340 367 143 201
270 316 182 277
407 427 205 231
556 566 171 183
288 307 190 223
389 409 195 223
275 331 138 214
76 110 196 257
282 306 143 200
411 449 85 163
301 323 170 239
356 386 150 204
279 292 221 245
325 341 175 195
184 220 109 205
217 243 153 219
374 391 77 127
278 289 104 138
364 386 136 189
252 268 258 297
296 314 131 172
295 332 65 162
231 236 195 205
294 334 159 209
226 248 302 342
299 347 151 236
308 327 169 197
364 384 136 182
325 402 181 264
290 312 22 79
317 335 162 199
200 242 123 156
293 341 154 210
320 410 153 238
250 271 160 212
432 558 230 330
305 346 89 219
310 332 162 200
382 467 173 248
293 314 128 175
517 565 20 107
318 343 153 191
315 338 154 228
313 341 194 244
322 374 153 252
466 506 188 226
293 340 157 206
308 333 177 208
235 273 118 153
338 356 184 207
303 325 161 183
253 289 167 285
232 271 124 214
307 328 176 204
273 295 152 198
356 386 162 215
258 357 143 203
339 362 160 211
218 332 150 272
298 320 165 203
275 285 101 135
399 427 283 299
73 110 195 259
350 379 146 200
289 345 151 211
303 319 175 199
280 321 168 206
325 400 171 288
304 341 212 305
371 391 143 192
291 339 134 207
320 348 79 139
